<?xml version="1.0"?>
<opencv_storage>
<camera_matrix type_id="opencv-matrix">
  <rows>3</rows>
  <cols>3</cols>
  <dt>d</dt>
  <data>
    6.2475906698002809e+03 0. 1.9740476889928607e+03 0.
    6.2459715690115181e+03 1.2800423563418988e+03 0. 0. 1.</data></camera_matrix>
<distortion_coefficients type_id="opencv-matrix">
  <rows>1</rows>
  <cols>5</cols>
  <dt>d</dt>
  <data>
    2.0482549435658354e-01 -1.0998305489260241e+00
    -2.0932048167132886e-03 -2.7497743736009322e-04
    1.4108419136679158e+00</data></distortion_coefficients>
<image_height>2652</image_height>
<image_width>3976</image_width>
</opencv_storage>
