<?xml version="1.0"?>
<opencv_storage>
<camera_matrix type_id="opencv-matrix">
  <rows>3</rows>
  <cols>3</cols>
  <dt>d</dt>
  <data>
    6.2791641600874364e+03 0. 2.0014922200715314e+03 0.
    6.2765361349216973e+03 1.2999651860178203e+03 0. 0. 1.</data></camera_matrix>
<distortion_coefficients type_id="opencv-matrix">
  <rows>1</rows>
  <cols>5</cols>
  <dt>d</dt>
  <data>
    2.3176241943934217e-01 -1.2947235441990739e+00
    8.3478371703708614e-04 2.7540455610485944e-03 2.3329412870038380e+00</data></distortion_coefficients>
<image_height>2652</image_height>
<image_width>3976</image_width>
</opencv_storage>
